20

1 -24 30
2 -24 30
3 -24 30
4 -24 30
5 -24 30
6 -24 30
7 -24 30
8 -24 30
0 -23 20
1 -23 20
2 -23 20
3 -23 20
4 -23 20
5 -23 20
6 -23 20
7 -23 20
8 -23 20
9 -23 20
4 -22 20
5 -22 20
6 -22 20
7 -22 20
8 -22 20
9 -22 20
0 -21 20
1 -21 20
2 -21 20
4 -20 20
5 -20 20
6 -20 20
7 -20 20
8 -20 20
9 -20 20
0 -19 20
1 -19 20
2 -19 20
3 -19 20
4 -19 20
5 -19 20
6 -19 20
2 -18 20
0 -17 20
1 -17 20
2 -17 20
3 -17 20
4 -17 20
5 -17 20
6 -17 20
7 -17 20
8 -17 20
9 -17 20
0 -16 20
1 -16 20
2 -16 20
3 -16 20
0 -15 20
1 -15 20
2 -15 20
3 -15 20
5 -15 20
6 -15 20
7 -15 20
8 -15 20
9 -15 20
0 -14 20
1 -14 20
8 -14 20
9 -14 20
0 -13 20
1 -13 20
3 -13 20
4 -13 20
5 -13 20
6 -13 20
0 -12 20
1 -12 20
6 -12 20
8 -12 20
9 -12 20
1 -11 20
2 -11 20
3 -11 20
4 -11 20
6 -11 20
8 -11 20
9 -11 20
0 -10 20
1 -10 20
6 -10 20
1 -9 20
3 -9 20
4 -9 20
5 -9 20
6 -9 20
7 -9 20
8 -9 20
9 -9 20
1 -8 20
0 -7 20
1 -7 20
2 -7 20
3 -7 20
4 -7 20
5 -7 20
6 -7 20
7 -7 20
8 -7 20
0 -6 20
0 -5 20
2 -5 20
3 -5 20
4 -5 20
5 -5 20
6 -5 20
7 -5 20
8 -5 20
9 -5 20
0 -4 20
9 -4 20
0 -3 20
1 -3 20
2 -3 20
3 -3 20
4 -3 20
5 -3 20
6 -3 20
7 -3 20
9 -3 20
5 -2 30
1 -1 30
3 -1 30
4 -1 30
7 -1 30
3 0 30
5 0 20
9 0 30
1 1 30
7 1 30
8 1 30
1 2 30
9 2 30
0 3 30
4 3 30
5 3 30
9 3 30
0 4 30
3 4 30
4 4 30
5 4 30
6 4 30
8 4 30
0 5 30
2 5 30
3 5 30
4 5 30
5 5 30
6 5 30
7 5 30
9 5 30