35

0 -26 20
9 -26 20
0 -25 20
4 -25 30
5 -25 30
9 -25 20
3 -24 30
6 -24 30
2 -23 30
7 -23 30
1 -22 30
8 -22 30
0 -21 30
4 -21 20
5 -21 20
9 -21 30
2 -20 30
4 -20 20
5 -20 20
7 -20 30
2 -19 30
4 -19 20
5 -19 20
7 -19 30
0 -18 30
4 -18 20
5 -18 20
9 -18 30
0 -17 30
4 -17 20
5 -17 20
9 -17 30
0 -16 30
4 -16 20
5 -16 20
9 -16 30
0 -15 30
4 -15 20
5 -15 20
9 -15 30
4 -14 20
5 -14 20
3 -13 20
4 -13 20
5 -13 20
6 -13 20
2 -12 20
3 -12 20
4 -12 20
5 -12 20
6 -12 20
7 -12 20
3 -11 20
4 -11 20
5 -11 20
6 -11 20
4 -10 20
5 -10 20
0 -9 30
4 -9 20
5 -9 20
9 -9 30
3 -8 20
4 -8 20
5 -8 20
6 -8 20
0 -7 30
4 -7 20
5 -7 20
0 -6 30
1 -6 30
7 -6 30
1 -5 30
4 -5 30
8 -5 30
0 -4 30
1 -4 30
2 -4 30
3 -4 30
4 -4 30
6 -4 30
8 -4 30
9 -4 30
1 -3 30
4 -3 30
9 -3 30
2 -2 30
6 -2 30
7 -2 30
0 -1 30
4 -1 20
9 -1 30
1 0 20
2 0 30
5 0 20
7 0 30
8 0 20
2 1 20
7 1 20
3 2 30
4 2 30
5 2 30
6 2 30
3 3 30
4 3 20
5 3 20
6 3 30
0 4 30
1 4 40
3 4 30
4 4 30
5 4 30
6 4 40
8 4 30
9 4 30
0 5 30
9 5 30