30

0 -22 40
1 -22 40
2 -22 40
3 -22 40
4 -22 40
5 -22 40
6 -22 40
7 -22 40
8 -22 40
9 -22 40
0 -21 2
1 -21 2
2 -21 2
3 -21 2
4 -21 2
5 -21 2
6 -21 2
7 -21 2
8 -21 2
9 -21 2
0 -20 2
1 -20 30
2 -20 30
3 -20 2
4 -20 2
5 -20 2
6 -20 2
7 -20 30
8 -20 30
9 -20 2
0 -19 2
1 -19 30
2 -19 30
3 -19 2
4 -19 2
5 -19 2
6 -19 2
7 -19 30
8 -19 30
9 -19 2
0 -18 2
1 -18 2
2 -18 2
3 -18 2
4 -18 2
5 -18 2
6 -18 2
7 -18 2
8 -18 2
9 -18 2
3 -17 30
4 -17 30
5 -17 30
6 -17 30
0 -16 20
2 -16 20
7 -16 20
9 -16 20
1 -15 20
2 -15 20
7 -15 20
8 -15 20
1 -14 20
2 -14 20
4 -14 10
5 -14 10
7 -14 20
8 -14 20
4 -13 10
5 -13 10
0 -12 20
1 -12 20
2 -12 20
3 -12 20
6 -12 20
7 -12 20
8 -12 20
9 -12 20
1 -11 30
2 -11 30
3 -11 30
6 -11 30
7 -11 30
8 -11 30
1 -10 40
3 -10 40
6 -10 40
8 -10 40
0 -9 10
1 -9 10
2 -9 10
3 -9 2
4 -9 2
5 -9 2
6 -9 2
7 -9 10
8 -9 10
9 -9 10
0 -8 2
1 -8 2
2 -8 2
3 -8 40
4 -8 40
5 -8 40
6 -8 40
7 -8 2
8 -8 2
9 -8 2
0 -7 2
1 -7 2
2 -7 2
3 -7 30
4 -7 30
5 -7 30
6 -7 30
7 -7 2
8 -7 2
9 -7 2
0 -6 2
1 -6 2
2 -6 2
3 -6 20
4 -6 20
5 -6 20
6 -6 20
7 -6 2
8 -6 2
9 -6 2
0 -5 2
1 -5 2
2 -5 2
3 -5 10
4 -5 10
5 -5 10
6 -5 10
7 -5 2
8 -5 2
9 -5 2
0 -4 2
1 -4 2
2 -4 2
3 -4 20
4 -4 20
5 -4 20
6 -4 20
7 -4 2
8 -4 2
9 -4 2
0 -3 2
1 -3 2
2 -3 2
3 -3 30
4 -3 30
5 -3 30
6 -3 30
7 -3 2
8 -3 2
9 -3 2
0 -2 2
1 -2 2
2 -2 2
3 -2 40
4 -2 40
5 -2 40
6 -2 40
7 -2 2
8 -2 2
9 -2 2
0 -1 20
1 -1 30
2 -1 40
7 -1 40
8 -1 30
9 -1 20
0 0 20
1 0 30
2 0 40
7 0 40
8 0 30
9 0 20
0 1 20
1 1 30
2 1 40
3 1 40
4 1 40
5 1 40
6 1 40
7 1 40
8 1 30
9 1 20
0 2 20
1 2 30
2 2 40
7 2 40
8 2 30
9 2 20
0 3 20
1 3 30
2 3 40
7 3 40
8 3 30
9 3 20
0 4 20
1 4 30
2 4 40
3 4 40
4 4 40
5 4 40
6 4 40
7 4 40
8 4 30
9 4 20
0 5 20
1 5 30
2 5 40
7 5 40
8 5 30
9 5 20