20

0 -28 20
1 -28 20
5 -28 20
8 -28 15
2 -27 20
5 -27 20
8 -27 15
2 -26 20
7 -26 20
1 -25 15
2 -25 15
3 -25 15
7 -25 20
9 -25 20
1 -24 20
2 -24 20
3 -24 20
6 -24 15
9 -24 20
3 -23 20
6 -23 15
1 -22 20
3 -22 20
5 -22 20
7 -22 20
8 -22 20
5 -21 20
8 -21 15
9 -21 15
3 -20 15
0 -19 20
1 -19 20
3 -19 15
4 -19 15
5 -19 15
6 -19 15
7 -19 15
8 -19 15
9 -19 15
0 -18 20
1 -18 20
3 -18 15
8 -18 15
8 -17 15
0 -16 20
3 -16 20
4 -16 20
5 -16 20
8 -16 15
0 -15 20
6 -15 15
7 -15 15
8 -15 15
0 -14 20
2 -14 20
3 -14 20
4 -14 20
5 -14 20
6 -14 20
0 -13 20
3 -13 20
7 -13 20
2 -12 20
5 -12 20
8 -12 20
3 -11 20
5 -11 20
1 -10 20
2 -10 20
8 -10 20
9 -10 20
2 -9 15
3 -9 15
5 -9 20
6 -9 20
7 -9 20
2 -8 15
3 -8 15
4 -8 20
0 -7 15
1 -7 20
4 -7 20
5 -7 20
8 -7 20
5 -6 20
6 -6 20
9 -6 20
1 -5 20
4 -5 20
6 -5 20
8 -5 20
3 -4 15
7 -4 20
3 -3 15
2 -2 20
3 -2 15
6 -2 20
0 -1 20
2 -1 20
3 -1 20
7 -1 20
9 -1 20
3 0 20
4 0 20
7 0 20
8 0 20
1 1 20
3 1 20
4 1 20
5 1 20
6 1 20
7 1 20
2 2 20
3 2 15
4 2 15
5 2 20
1 3 20
2 3 20
3 3 15
4 3 15
5 3 20
8 3 20
2 4 20
3 4 20
4 4 20
5 4 20
6 4 20
7 4 20
3 5 20
4 5 20
5 5 20
6 5 20