25

2 -22 30
3 -22 30
6 -22 30
7 -22 30
1 -21 30
4 -21 30
5 -21 30
8 -21 30
1 -20 30
8 -20 30
2 -19 30
7 -19 30
3 -18 30
6 -18 30
4 -17 30
5 -17 30
0 -16 20
3 -16 20
6 -16 20
9 -16 20
1 -15 10
2 -15 10
4 -15 10
5 -15 10
7 -15 10
8 -15 10
1 -14 10
2 -14 10
4 -14 10
5 -14 10
7 -14 10
8 -14 10
0 -13 10
1 -13 10
2 -13 10
3 -13 10
4 -13 10
5 -13 10
6 -13 10
7 -13 10
8 -13 10
9 -13 10
4 -12 35
5 -12 35
4 -11 35
5 -11 35
4 -10 35
5 -10 35
3 -9 35
4 -9 35
5 -9 35
6 -9 35
3 -8 35
6 -8 35
3 -7 35
4 -7 35
5 -7 35
6 -7 35
4 -6 35
5 -6 35
2 -5 35
3 -5 35
4 -5 35
5 -5 35
6 -5 35
7 -5 35
2 -4 35
7 -4 35
2 -3 35
3 -3 35
4 -3 35
5 -3 35
6 -3 35
7 -3 35
4 -2 35
5 -2 35
1 -1 35
2 -1 35
3 -1 35
4 -1 35
5 -1 35
6 -1 35
7 -1 35
8 -1 35
1 0 35
8 0 35
1 1 35
2 1 35
3 1 35
4 1 35
5 1 35
6 1 35
7 1 35
8 1 35
4 2 35
5 2 35
0 3 35
1 3 35
2 3 35
3 3 35
4 3 35
5 3 35
6 3 35
7 3 35
8 3 35
9 3 35
0 4 35
9 4 35
0 5 35
1 5 35
2 5 35
3 5 35
4 5 35
5 5 35
6 5 35
7 5 35
8 5 35
9 5 35