18

1 -19 20
7 -19 20
4 -18 20
0 -17 20
2 -17 20
8 -17 20
1 -16 20
5 -16 20
7 -16 20
3 -15 20
5 -15 20
1 -14 20
3 -14 20
5 -14 20
7 -14 20
3 -13 20
5 -13 20
7 -13 20
1 -12 20
3 -12 20
5 -12 20
7 -12 20
9 -12 20
1 -11 20
3 -11 20
5 -11 20
7 -11 20
8 -11 20
1 -10 20
3 -10 20
5 -10 20
7 -10 20
8 -10 20
1 -9 20
3 -9 20
4 -9 20
5 -9 20
6 -9 20
8 -9 20
1 -8 20
3 -8 20
4 -8 20
5 -8 20
6 -8 20
7 -8 20
8 -8 20
2 -7 20
3 -7 20
4 -7 20
5 -7 20
6 -7 20
7 -7 20
3 -6 20
4 -6 20
5 -6 20
6 -6 20
4 -5 20
5 -5 20
4 -4 20
5 -4 20
4 -3 40
5 -3 40
2 -2 2
3 -2 2
6 -2 2
7 -2 2
2 -1 2
3 -1 2
6 -1 2
7 -1 2
0 0 20
1 0 40
4 0 40
5 0 40
8 0 40
9 0 20
0 1 20
1 1 40
4 1 40
5 1 40
8 1 40
9 1 20
2 2 2
3 2 2
6 2 2
7 2 2
2 3 2
3 3 2
6 3 2
7 3 2
4 4 40
5 4 40
4 5 20
5 5 20