15

0 -27 10
1 -27 10
2 -27 10
3 -27 10
4 -27 10
5 -27 10
6 -27 10
7 -27 10
8 -27 10
1 -26 20
2 -26 20
3 -26 20
4 -26 20
6 -26 30
7 -26 30
0 -25 30
1 -25 30
2 -25 30
3 -25 30
8 -25 20
9 -25 20
5 -24 20
8 -24 20
1 -23 20
2 -23 20
3 -23 20
4 -23 20
5 -23 20
5 -22 20
6 -22 20
7 -22 20
8 -22 20
9 -22 20
0 -21 10
1 -21 10
3 -21 20
5 -21 20
8 -21 20
0 -20 10
1 -20 10
5 -20 20
2 -19 10
3 -19 10
4 -19 10
5 -19 10
6 -19 10
8 -19 30
9 -19 30
8 -18 30
9 -18 30
0 -17 20
1 -17 20
2 -17 20
3 -17 20
4 -17 20
4 -16 20
5 -16 20
6 -16 20
7 -16 20
9 -16 20
0 -15 10
1 -15 10
2 -15 10
3 -15 10
4 -15 10
0 -14 20
6 -14 10
7 -14 10
8 -14 10
9 -14 10
1 -13 20
3 -13 20
6 -13 10
7 -13 10
8 -13 10
9 -13 10
0 -12 20
1 -12 20
3 -12 20
5 -12 30
6 -12 30
7 -12 30
3 -11 20
0 -10 20
1 -10 20
3 -10 20
5 -10 20
6 -10 20
7 -10 20
8 -10 20
9 -10 20
3 -9 20
0 -8 20
3 -8 10
4 -8 10
5 -8 10
6 -8 10
7 -8 10
8 -8 10
9 -8 10
0 -7 20
1 -7 20
1 -6 10
2 -6 10
3 -6 10
4 -6 10
5 -6 10
6 -6 10
7 -6 10
8 -6 10
0 -5 10
1 -5 10
2 -5 10
3 -5 10
4 -5 10
5 -5 10
6 -5 10
7 -5 10
9 -4 10
0 -3 20
2 -3 20
3 -3 20
4 -3 20
5 -3 20
6 -3 20
7 -3 20
9 -3 10
0 -2 20
2 -2 10
3 -2 10
4 -2 10
5 -2 10
6 -2 10
7 -2 10
9 -2 10
0 -1 20
3 -1 20
4 -1 20
5 -1 20
6 -1 20
7 -1 20
8 -1 20
6 0 20
8 0 20
0 1 20
1 1 20
2 1 20
3 1 20
4 1 20
6 1 20
8 1 20
0 2 20
0 3 20
2 3 20
3 3 20
4 3 20
5 3 20
6 3 20
7 3 20
8 3 20
9 3 20
0 4 20
7 4 10
8 4 10
9 4 10
0 5 20
1 5 20
2 5 20
3 5 20
4 5 20
5 5 20
7 5 10
8 5 10
9 5 10