30

0 -22 20
3 -22 10
6 -22 10
9 -22 20
0 -21 20
2 -21 10
4 -21 10
5 -21 10
7 -21 10
9 -21 20
1 -20 10
8 -20 10
2 -19 20
4 -19 40
5 -19 40
9 -19 20
1 -18 20
2 -18 20
3 -18 20
6 -18 20
7 -18 20
8 -18 20
3 -17 10
4 -17 10
5 -17 10
6 -17 10
1 -16 10
2 -16 10
3 -16 10
4 -16 10
5 -16 10
6 -16 10
7 -16 10
9 -16 10
1 -15 10
2 -15 10
3 -15 10
0 -14 10
1 -14 10
3 -14 10
6 -14 10
8 -14 10
0 -13 10
1 -13 10
6 -13 10
7 -13 10
8 -13 10
0 -12 10
1 -12 10
5 -12 10
9 -12 10
2 -11 20
6 -11 20
1 -10 20
3 -10 20
5 -10 20
7 -10 20
9 -10 20
0 -9 20
4 -9 20
8 -9 20
1 -8 20
3 -8 20
5 -8 20
7 -8 20
9 -8 20
1 -7 5
2 -7 20
4 -7 30
5 -7 30
6 -7 20
8 -7 5
1 -6 5
3 -6 30
4 -6 30
5 -6 30
6 -6 30
8 -6 5
1 -5 5
2 -5 30
3 -5 30
4 -5 40
5 -5 40
6 -5 30
7 -5 30
8 -5 5
1 -4 5
2 -4 30
3 -4 30
4 -4 40
5 -4 40
6 -4 30
7 -4 30
8 -4 5
1 -3 5
3 -3 30
4 -3 30
5 -3 30
6 -3 30
8 -3 5
1 -2 5
4 -2 30
5 -2 30
8 -2 5
0 -1 10
1 -1 10
2 -1 10
3 -1 10
4 -1 10
5 -1 10
6 -1 10
7 -1 10
8 -1 10
9 -1 10
0 0 2
1 0 2
2 0 2
3 0 2
4 0 2
5 0 2
6 0 2
7 0 2
8 0 2
9 0 2
0 1 2
1 1 2
2 1 2
3 1 2
4 1 2
5 1 2
6 1 2
7 1 2
8 1 2
9 1 2
0 2 2
1 2 2
2 2 2
3 2 2
4 2 2
5 2 2
6 2 2
7 2 2
8 2 2
9 2 2
0 3 2
1 3 2
2 3 2
3 3 2
4 3 2
5 3 2
6 3 2
7 3 2
8 3 2
9 3 2
0 4 2
1 4 2
2 4 2
3 4 2
4 4 2
5 4 2
6 4 2
7 4 2
8 4 2
9 4 2
0 5 2
1 5 2
2 5 2
3 5 2
4 5 2
5 5 2
6 5 2
7 5 2
8 5 2
9 5 2