18

2 -29 15
7 -29 25
8 -29 20
1 -28 20
2 -28 20
3 -28 20
5 -28 15
2 -27 15
7 -27 15
8 -27 15
1 -26 15
3 -26 15
5 -26 20
6 -26 20
7 -26 15
3 -25 25
5 -25 20
6 -25 20
7 -25 15
3 -24 25
7 -24 20
8 -24 25
9 -24 20
0 -23 20
3 -23 15
7 -23 15
8 -23 15
9 -23 15
1 -22 20
2 -22 15
3 -22 15
4 -22 15
5 -22 15
6 -22 15
9 -22 15
0 -21 15
1 -21 20
2 -21 15
9 -21 15
1 -20 25
2 -20 15
4 -20 15
5 -20 15
6 -20 15
8 -20 15
1 -19 20
2 -19 15
8 -19 15
0 -18 25
1 -18 25
2 -18 25
3 -18 25
4 -18 25
6 -18 20
8 -18 15
0 -17 15
1 -17 20
6 -17 20
1 -16 20
3 -16 15
5 -16 15
6 -16 20
7 -16 15
9 -16 20
1 -15 20
3 -15 20
5 -15 15
7 -15 15
9 -15 20
2 -14 15
3 -14 20
5 -14 15
7 -14 15
8 -14 15
9 -14 15
0 -13 15
3 -13 20
5 -13 15
8 -13 15
9 -13 15
2 -12 15
3 -12 20
5 -12 25
6 -12 20
7 -12 20
9 -12 25
3 -11 15
9 -11 15
0 -10 20
3 -10 20
4 -10 20
5 -10 20
6 -10 20
9 -10 20
0 -9 20
9 -9 20
0 -8 20
4 -8 15
7 -8 25
9 -8 25
2 -7 15
3 -7 25
4 -7 15
6 -7 15
7 -7 25
1 -6 15
2 -6 15
3 -6 25
4 -6 15
5 -6 15
8 -6 15
9 -6 15
0 -5 15
2 -5 15
3 -5 25
4 -5 15
6 -5 15
7 -5 15
8 -5 15
3 -4 15
5 -4 15
6 -4 15
7 -4 15
9 -4 15
1 -3 25
2 -3 15
4 -3 15
7 -3 15
8 -3 15
9 -3 25
0 -2 15
4 -2 15
5 -2 15
6 -2 15
7 -2 15
9 -2 25
2 -1 15
3 -1 15
4 -1 15
5 -1 15
6 -1 15
8 -1 15
1 0 25
4 0 15
8 0 15
9 0 15
0 1 15
9 1 15
2 2 18
3 2 18
6 2 18
7 2 18
1 3 18
4 3 25
5 3 25
8 3 18
1 4 18
4 4 18
5 4 18
8 4 18
2 5 18
3 5 18
6 5 18
7 5 18