35

0 -20 30
1 -20 30
2 -20 30
3 -20 30
4 -20 30
5 -19 30
6 -19 30
7 -19 30
8 -19 30
9 -19 30
0 -18 30
1 -18 30
2 -18 30
3 -18 30
4 -18 30
0 -17 20
5 -17 20
6 -17 20
7 -17 20
8 -17 20
9 -17 20
0 -16 30
1 -16 30
6 -16 20
7 -16 30
8 -16 30
9 -16 30
0 -15 30
1 -15 30
2 -15 30
7 -15 20
8 -15 30
9 -15 30
0 -14 30
1 -14 30
2 -14 30
3 -14 30
8 -14 20
9 -14 30
5 -13 30
6 -13 30
6 -12 30
7 -12 30
0 -11 20
1 -11 20
2 -11 20
3 -11 20
7 -11 30
8 -11 30
1 -10 20
2 -10 20
3 -10 20
4 -10 20
8 -10 30
9 -10 30
2 -9 20
3 -9 20
4 -9 20
5 -9 20
9 -9 30
3 -8 20
4 -8 20
5 -8 20
6 -8 20
1 -7 30
4 -7 20
5 -7 20
6 -7 20
7 -7 20
1 -6 30
5 -6 20
6 -6 20
7 -6 20
8 -6 20
0 -5 30
1 -5 30
2 -5 30
6 -5 20
7 -5 20
8 -5 20
9 -5 20
0 -4 30
1 -4 30
2 -4 30
7 -4 20
8 -4 20
9 -4 20
1 -3 30
3 -3 30
8 -3 20
9 -3 20
1 -2 30
9 -2 20
0 -1 30
1 -1 30
2 -1 30
3 -1 30
4 -1 30
5 -1 30
6 -1 30
1 0 30
2 0 30
3 0 30
4 0 30
5 0 30
6 0 30
7 0 30
2 1 30
3 1 30
4 1 30
5 1 30
6 1 30
7 1 30
8 1 30
3 2 30
4 2 30
5 2 30
6 2 30
7 2 30
8 2 30
9 2 30
2 3 30
3 3 30
4 3 30
5 3 30
6 3 30
7 3 30
8 3 30
1 4 30
2 4 30
3 4 30
4 4 30
5 4 30
6 4 30
7 4 30
0 5 30
1 5 30
2 5 30
3 5 30
4 5 30
5 5 30
6 5 30