20

2 -18 30
5 -18 30
9 -18 30
0 -17 30
2 -17 30
5 -17 30
8 -17 30
9 -17 30
1 -16 30
2 -16 30
5 -16 30
0 -15 30
1 -15 30
3 -15 30
7 -15 30
8 -15 30
9 -15 30
2 -14 20
4 -14 20
5 -14 20
6 -14 20
0 -13 20
1 -13 20
2 -13 20
8 -13 20
9 -13 20
0 -12 20
4 -12 30
5 -12 30
6 -12 30
7 -12 30
3 -11 30
6 -11 30
7 -11 30
8 -11 30
0 -10 30
1 -10 30
3 -10 30
5 -10 30
6 -10 30
7 -10 30
8 -10 30
2 -9 30
4 -9 30
7 -9 30
0 -8 30
1 -8 30
4 -8 30
5 -8 30
7 -8 30
9 -8 30
0 -7 30
1 -7 30
9 -7 30
3 -6 30
5 -6 30
6 -6 30
3 -5 30
8 -5 30
0 -4 30
1 -4 30
2 -4 30
3 -4 30
4 -4 30
7 -4 30
8 -4 30
9 -4 30
0 -3 30
1 -3 30
2 -3 30
3 -3 30
6 -3 30
7 -3 30
8 -3 30
9 -3 30
0 -2 30
1 -2 30
2 -2 30
5 -2 30
6 -2 30
7 -2 30
8 -2 30
9 -2 30
0 -1 30
1 -1 30
0 0 30
5 0 30
6 0 30
7 0 30
8 0 30
9 0 30
6 1 30
7 1 30
8 1 30
9 1 30
3 2 30
7 2 30
8 2 30
9 2 30
2 3 30
3 3 30
4 3 30
8 3 30
1 4 30
2 4 30
3 4 30
4 4 30
5 4 30
0 5 30
1 5 30
2 5 30
3 5 30
4 5 30
5 5 30
6 5 30