20

1 -11 10
8 -11 15
9 -11 15
1 -10 10
4 -10 15
5 -10 15
6 -10 15
7 -10 15
1 -9 10
4 -9 15
4 -8 15
6 -8 40
0 -7 10
1 -7 10
2 -7 10
5 -7 40
7 -7 40
0 -6 15
1 -6 15
2 -6 15
6 -6 40
2 -5 12
3 -5 12
4 -5 12
5 -5 12
3 -4 10
4 -4 10
5 -4 10
6 -4 10
7 -4 10
8 -4 10
1 -3 10
2 -3 15
3 -3 15
2 -2 15
3 -2 15
4 -2 15
5 -2 15
6 -2 15
7 -2 15
9 -2 25
0 -1 20
2 -1 15
7 -1 15
9 -1 20
2 0 15
5 0 10
6 0 10
7 0 15
0 1 20
2 1 15
3 1 15
4 1 15
5 1 15
6 1 15
7 1 15
0 2 20
9 2 20
1 3 15
2 3 15
3 3 15
4 3 15
5 3 15
6 3 15
7 3 15
8 3 15
1 4 15
8 4 15
1 5 15
2 5 15
3 5 15
4 5 15
5 5 15
6 5 15
7 5 15
8 5 15