25

0 -21 30
4 -21 25
8 -21 30
9 -21 30
0 -20 30
4 -20 25
8 -20 30
9 -20 30
4 -19 25
3 -18 20
4 -18 20
5 -18 20
1 -17 25
2 -17 25
3 -17 20
4 -17 20
5 -17 20
6 -17 25
7 -17 25
3 -16 20
4 -16 20
5 -16 20
1 -15 25
2 -15 25
3 -15 20
4 -15 20
5 -15 20
6 -15 25
7 -15 25
4 -14 20
0 -13 20
1 -13 20
2 -13 20
3 -13 20
4 -13 20
8 -13 30
9 -13 30
4 -12 20
5 -12 20
6 -12 20
7 -12 20
0 -11 20
4 -11 20
8 -11 20
9 -11 20
1 -10 20
2 -10 20
4 -10 20
6 -10 20
7 -10 20
3 -9 20
4 -9 20
5 -9 20
4 -8 20
0 -7 20
1 -7 20
2 -7 20
8 -7 20
9 -7 20
3 -6 20
4 -6 20
6 -6 20
7 -6 20
5 -5 20
0 -4 20
4 -4 20
6 -4 20
0 -3 20
4 -3 20
6 -3 20
1 -2 25
3 -2 25
7 -2 25
9 -2 25
1 -1 25
3 -1 25
7 -1 25
9 -1 25
1 0 25
3 0 25
7 0 25
9 0 25
0 1 20
4 1 20
6 1 20
0 2 20
4 2 20
6 2 20
5 3 20
3 4 20
4 4 20
6 4 20
7 4 20
0 5 20
1 5 20
2 5 20
8 5 20
9 5 20