75

0 -23 70
1 -23 70
2 -23 70
3 -23 70
4 -23 70
5 -23 70
6 -23 70
7 -23 70
8 -23 70
9 -23 70
1 -22 70
2 -22 70
3 -22 70
5 -22 70
6 -22 70
7 -22 70
8 -22 70
4 -21 70
5 -21 70
0 -20 90
1 -20 90
2 -20 90
4 -20 70
7 -20 90
8 -20 90
9 -20 90
2 -19 90
3 -19 90
4 -19 90
5 -19 90
0 -18 90
1 -18 90
2 -18 90
3 -18 90
4 -18 90
5 -18 90
7 -18 80
8 -18 80
9 -18 80
0 -17 80
1 -17 80
2 -17 80
3 -17 80
4 -17 80
5 -17 80
1 -16 80
2 -16 80
6 -16 80
2 -15 80
3 -15 80
4 -15 80
5 -15 80
6 -15 80
7 -15 80
9 -15 70
0 -14 70
1 -14 70
2 -14 70
3 -14 70
4 -14 70
6 -14 80
9 -14 70
0 -13 70
1 -13 70
2 -13 70
3 -13 70
4 -13 70
6 -13 80
9 -13 70
1 -12 70
2 -12 70
3 -12 70
4 -12 70
5 -12 70
6 -12 70
3 -11 70
4 -11 70
5 -11 70
6 -11 70
8 -11 70
9 -11 70
0 -10 70
1 -10 70
2 -10 70
3 -10 70
4 -10 70
5 -10 70
6 -10 70
7 -10 70
8 -10 70
4 -9 70
5 -9 70
6 -9 70
7 -9 70
8 -9 70
2 -8 60
3 -8 60
4 -8 60
5 -8 60
6 -8 60
7 -8 60
8 -8 60
0 -7 60
1 -7 60
2 -7 60
3 -7 60
5 -7 60
6 -7 60
7 -7 60
8 -7 60
9 -7 60
0 -6 60
1 -6 60
2 -6 60
3 -6 60
5 -6 60
6 -6 60
7 -6 60
8 -6 60
9 -6 60
0 -5 60
1 -5 60
2 -5 60
3 -5 60
5 -5 60
6 -5 60
7 -5 60
8 -5 60
9 -5 60
0 -4 60
1 -4 60
2 -4 60
3 -4 60
5 -4 60
6 -4 60
7 -4 60
8 -4 60
9 -4 60
0 -3 70
1 -3 70
2 -3 70
3 -3 70
4 -3 70
5 -3 70
6 -3 70
7 -3 70
8 -3 70
9 -3 70
0 -2 60
1 -2 60
2 -2 60
3 -2 60
4 -2 60
6 -2 60
7 -2 60
8 -2 60
9 -2 60
1 -1 60
2 -1 60
3 -1 60
7 -1 60
8 -1 60
9 -1 60
0 0 50
1 0 50
2 0 60
3 0 60
4 0 60
5 0 50
6 0 50
7 0 50
1 1 50
2 1 50
3 1 50
4 1 50
5 1 50
6 1 50
7 1 50
8 1 50
1 2 50
2 2 50
3 2 60
4 2 60
5 2 60
6 2 50
7 2 50
8 2 50
9 2 50
0 3 50
1 3 50
2 3 50
3 3 60
4 3 60
5 3 60
6 3 50
7 3 50
0 4 50
1 4 50
2 4 50
3 4 60
4 4 60
5 4 60
6 4 50
7 4 50
8 4 50
0 5 50
1 5 50
2 5 50
3 5 50
4 5 50
5 5 50
6 5 50
7 5 50